20
2
0 0 1.0
0 1 0.7327367777714475
1 0 1.0
1 1 0.7661606056862362
2 0 1.0
2 1 -0.8374302225684152
3 0 1.0
3 1 -0.6346540158984411
4 0 1.0
4 1 0.3767625085756032
5 0 1.0
5 1 0.17472199310131487
6 0 1.0
6 1 0.1440817295927197
7 0 1.0
7 1 -0.9964231472666283
8 0 1.0
8 1 -0.014021076570631896
9 0 1.0
9 1 0.8270017043991646
10 0 1.0
10 1 0.23638349601658826
11 0 1.0
11 1 0.5431266861630832
12 0 1.0
12 1 0.6297593395365224
13 0 1.0
13 1 0.13959116960148243
14 0 1.0
14 1 0.7790721113953205
15 0 1.0
15 1 0.7027360950939292
16 0 1.0
16 1 -0.13252170467061153
17 0 1.0
17 1 -0.8991272587428492
18 0 1.0
18 1 0.4130072863777776
19 0 1.0
19 1 0.826984718115765
0 -1.1325490661259374
1 -1.297198471482498
2 -13.305079773407988
3 -6.893596064237354
4 -0.6191308859062795
5 -0.8301053671455202
6 -0.8764316028332251
7 -21.620678330283422
8 -1.1829428747473956
9 -1.6758107079398334
10 -0.7474310432749429
11 -0.6434126914999458
12 -0.7859537861335165
13 -0.8835213497259238
14 -1.3686794943846432
15 -1.0080949751956636
16 -1.5313008869282494
17 -16.12356866729423
18 -0.6038890595980801
19 -1.6756895733721258



