20
2
0 0 1.0
0 1 0.7327367777714475
1 0 1.0
1 1 0.7661606056862362
2 0 1.0
2 1 -0.8374302225684152
3 0 1.0
3 1 -0.6346540158984411
4 0 1.0
4 1 0.3767625085756032
5 0 1.0
5 1 0.17472199310131487
6 0 1.0
6 1 0.1440817295927197
7 0 1.0
7 1 -0.9964231472666283
8 0 1.0
8 1 -0.014021076570631896
9 0 1.0
9 1 0.8270017043991646
10 0 1.0
10 1 0.23638349601658826
11 0 1.0
11 1 0.5431266861630832
12 0 1.0
12 1 0.6297593395365224
13 0 1.0
13 1 0.13959116960148243
14 0 1.0
14 1 0.7790721113953205
15 0 1.0
15 1 0.7027360950939292
16 0 1.0
16 1 -0.13252170467061153
17 0 1.0
17 1 -0.8991272587428492
18 0 1.0
18 1 0.4130072863777776
19 0 1.0
19 1 0.826984718115765
0 -0.9848252748921196
1 -1.1279986708543461
2 -11.569634585572164
3 -5.994431360206395
4 -0.5383746833967649
5 -0.7218307540395829
6 -0.7621144372462827
7 -18.80058985242037
8 -1.0286459780412136
9 -1.457226702556377
10 -0.6499400376303852
11 -0.5594892969564746
12 -0.6834380748987101
13 -0.7682794345442816
14 -1.1901560820736028
15 -0.8766043262570988
16 -1.3315659886332605
17 -14.020494493299331
18 -0.525120921389635
19 -1.4571213681496746
