20
5
0 0 1.0
0 1 0.7327367777714475
0 2 0.5369031854988837
0 3 0.3934087101176778
0 4 0.28826503059884867
1 0 1.0
1 1 0.7661606056862362
1 2 0.5870020737055004
1 3 0.4497378643292828
1 4 0.3445714345345577
2 0 1.0
2 1 -0.8374302225684152
2 2 0.7012893776709853
2 3 -0.5872809196278787
2 4 0.4918067912341579
3 0 1.0
3 1 -0.6346540158984411
3 2 0.4027857198960187
3 3 -0.25562957467855285
3 4 0.16223633615215402
4 0 1.0
4 1 0.3767625085756032
4 2 0.1419499878681815
4 3 0.053481433521492504
4 4 0.020149799055776872
5 0 1.0
5 1 0.17472199310131487
5 2 0.03052777487329592
5 3 0.005333873670810503
5 4 0.0009319450387146377
6 0 1.0
6 1 0.1440817295927197
6 2 0.0207595448024296
6 3 0.0029910711206916113
6 4 0.0004309587004040818
7 0 1.0
7 1 -0.9964231472666283
7 2 0.9928590884087328
7 3 -0.9893077776645051
7 4 0.9857691694358199
8 0 1.0
8 1 -0.014021076570631896
8 2 0.00019659058819952268
8 3 -2.756411690211071e-06
8 4 3.864785936863431e-08
9 0 1.0
9 1 0.8270017043991646
9 2 0.6839318190791233
9 3 0.565612780071256
9 4 0.4677627331488787
10 0 1.0
10 1 0.23638349601658826
10 2 0.0558771571890244
10 3 0.013208437763810024
10 4 0.0031222566955269406
11 0 1.0
11 1 0.5431266861630832
11 2 0.2949865972224923
11 3 0.16021509301197642
11 4 0.08701709254090491
12 0 1.0
12 1 0.6297593395365224
12 2 0.39659682573347693
12 3 0.2497605550361957
12 4 0.15728904218186987
13 0 1.0
13 1 0.13959116960148243
13 2 0.019485694630709833
13 3 0.002720030903998112
13 4 0.000379692295241274
14 0 1.0
14 1 0.7790721113953205
14 2 0.6069533547539627
14 3 0.4728604316066427
14 4 0.3683923748470897
15 0 1.0
15 1 0.7027360950939292
15 2 0.4938380193478639
15 3 0.34703780132543816
15 4 0.2438759893534212
16 0 1.0
16 1 -0.13252170467061153
16 2 0.017562002208804783
16 3 -0.0023273464701398547
16 4 0.000308423921582064
17 0 1.0
17 1 -0.8991272587428492
17 2 0.8084298274144304
17 3 -0.7268812946090915
17 4 0.6535587858533257
18 0 1.0
18 1 0.4130072863777776
18 2 0.1705750186011356
18 3 0.07044872555629396
18 4 0.02909583697077776
19 0 1.0
19 1 0.826984718115765
19 2 0.6839037239970113
19 3 0.5655779284079904
19 4 0.46772430369698026
0 -0.9848252748921196
1 -1.1279986708543461
2 -11.569634585572164
3 -5.994431360206395
4 -0.5383746833967649
5 -0.7218307540395829
6 -0.7621144372462827
7 -18.80058985242037
8 -1.0286459780412136
9 -1.457226702556377
10 -0.6499400376303852
11 -0.5594892969564746
12 -0.6834380748987101
13 -0.7682794345442816
14 -1.1901560820736028
15 -0.8766043262570988
16 -1.3315659886332605
17 -14.020494493299331
18 -0.525120921389635
19 -1.4571213681496746
